Date,TotalSalesQuantity,TotalSalesAmount,RunningTotalSalesQuantity,RunningTotalSalesAmount
2023-02-15,50,850.0,50,850.0
2023-02-20,50,650.0,100,1500.0
2023-02-22,12,360.0,112,1860.0
2023-03-24,25,375.0,137,2235.0
2023-06-28,40,600.0,177,2835.0
2023-07-16,2,100.0,179,2935.0
2023-07-18,3,90.0,182,3025.0
2023-07-20,4,100.0,186,3125.0
2023-07-23,10,100.0,196,3225.0
